 300.00  502.00   401.81  457.46    
 310.00  502.00   406.34  457.82    
 290.00  492.00   394.10  446.43    
 300.00  492.00   400.82  444.35    
 310.00  492.00   410.20  440.19    
 320.00  492.00   418.10  437.35    
 330.00  492.00   426.86  433.76    
 250.00  482.00   343.02  460.24    
 260.00  482.00   348.74  459.91    
 270.00  482.00   359.82  454.48    
 280.00  482.00   383.56  438.26    
 290.00  482.00   393.75  433.62    
 300.00  482.00   405.90  427.07    
 310.00  482.00   415.01  423.07    
 320.00  482.00   422.05  420.79    
 330.00  482.00   428.96  418.56    
 340.00  482.00   435.74  416.36    
 350.00  482.00   443.87  413.96    
 150.00  472.00   240.42  483.32    
 160.00  472.00   250.51  480.22    
 170.00  472.00   252.49  483.99    
 210.00  472.00   317.47  449.73    
 220.00  472.00   329.32  444.60    
 230.00  472.00   335.22  444.59    
 240.00  472.00   341.38  444.11    
 250.00  472.00   346.50  444.11    
 260.00  472.00   357.76  438.32    
 270.00  472.00   375.43  427.68    
 280.00  472.00   385.99  422.98    
 290.00  472.00   395.55  419.04    
 300.00  472.00   404.93  415.15    
 310.00  472.00   413.35  412.21    
 320.00  472.00   420.58  410.04    
 330.00  472.00   427.70  407.91    
 340.00  472.00   434.68  405.81    
 350.00  472.00   441.26  403.81    
 360.00  472.00   444.70  404.64    
 140.00  462.00   222.99  477.90    
 150.00  462.00   241.61  468.13    
 160.00  462.00   253.45  463.71    
 170.00  462.00   264.71  459.74    
 180.00  462.00   274.68  456.74    
 190.00  462.00   290.80  448.25    
 200.00  462.00   302.14  444.13    
 210.00  462.00   325.90  429.04    
 220.00  462.00   332.15  428.60    
 230.00  462.00   337.58  428.92    
 240.00  462.00   343.23  429.03    
 250.00  462.00   349.26  428.64    
 260.00  462.00   363.49  420.42    
 270.00  462.00   373.35  416.48    
 280.00  462.00   383.07  412.62    
 290.00  462.00   392.62  408.82    
 300.00  462.00   401.98  405.08    
 310.00  462.00   410.26  402.28    
 320.00  462.00   417.68  399.87    
 330.00  462.00   424.84  397.88    
 340.00  462.00   431.88  395.93    
 350.00  462.00   438.50  394.23    
 360.00  462.00   442.69  394.34    
 120.00  452.00   196.32  473.53    
 130.00  452.00   215.14  464.19    
 140.00  452.00   231.04  457.12    
 150.00  452.00   243.08  452.79    
 160.00  452.00   254.64  448.74    
 170.00  452.00   265.93  444.78    
 180.00  452.00   276.92  440.79    
 190.00  452.00   288.47  436.72    
 200.00  452.00   311.28  422.87    
 210.00  452.00   324.12  417.01    
 220.00  452.00   333.05  414.51    
 230.00  452.00   341.30  412.44    
 240.00  452.00   345.75  413.52    
 250.00  452.00   350.95  413.83    
 260.00  452.00   361.15  409.61    
 270.00  452.00   370.61  406.25    
 280.00  452.00   380.19  402.49    
 290.00  452.00   389.72  398.75    
 300.00  452.00   398.87  395.24    
 310.00  452.00   407.06  392.42    
 320.00  452.00   414.99  389.93    
 330.00  452.00   422.13  388.02    
 340.00  452.00   429.07  386.19    
 350.00  452.00   435.55  384.63    
 360.00  452.00   441.92  383.09    
 370.00  452.00   443.95  385.44    
 110.00  442.00   183.22  463.47    
 120.00  442.00   199.40  456.56    
 130.00  442.00   214.56  450.27    
 140.00  442.00   228.90  444.48    
 150.00  442.00   240.91  440.48    
 160.00  442.00   252.47  436.56    
 170.00  442.00   263.74  432.73    
 180.00  442.00   274.80  428.85    
 190.00  442.00   294.15  418.39    
 200.00  442.00   309.55  410.96    
 210.00  442.00   322.37  405.12    
 220.00  442.00   331.25  402.72    
 230.00  442.00   339.95  400.37    
 240.00  442.00   348.49  398.06    
 250.00  442.00   354.24  397.94    
 260.00  442.00   358.38  399.10    
 270.00  442.00   368.27  395.61    
 280.00  442.00   377.55  392.48    
 290.00  442.00   386.83  388.65    
 300.00  442.00   395.79  385.49    
 310.00  442.00   404.01  382.83    
 320.00  442.00   412.08  380.22    
 330.00  442.00   419.43  378.24    
 340.00  442.00   426.17  376.59    
 350.00  442.00   432.62  375.11    
 360.00  442.00   438.96  373.64    
 370.00  442.00   442.73  374.52    
 110.00  432.00   181.14  450.63    
 120.00  432.00   196.02  444.83    
 130.00  432.00   211.24  438.62    
 140.00  432.00   226.13  432.51    
 150.00  432.00   238.34  428.30    
 160.00  432.00   250.08  424.48    
 170.00  432.00   261.52  420.75    
 180.00  432.00   272.88  416.85    
 190.00  432.00   294.52  404.81    
 200.00  432.00   307.97  398.93    
 210.00  432.00   320.79  393.50    
 220.00  432.00   328.32  392.37    
 230.00  432.00   335.14  391.63    
 240.00  432.00   342.03  390.64    
 250.00  432.00   349.72  389.03    
 260.00  432.00   354.93  389.21    
 270.00  432.00   364.18  386.10    
 280.00  432.00   374.23  382.31    
 290.00  432.00   384.09  378.58    
 300.00  432.00   392.75  375.83    
 310.00  432.00   400.98  373.30    
 320.00  432.00   409.07  370.82    
 330.00  432.00   416.71  368.52    
 340.00  432.00   423.28  367.09    
 350.00  432.00   429.74  365.69    
 360.00  432.00   435.88  364.61    
 370.00  432.00   440.57  364.80    
 380.00  432.00   443.62  366.12    
 390.00  432.00   451.55  363.44    
 110.00  422.00   178.80  437.87    
 120.00  422.00   193.92  432.24    
 130.00  422.00   207.98  427.08    
 140.00  422.00   222.55  421.51    
 150.00  422.00   235.65  416.74    
 160.00  422.00   247.41  412.97    
 170.00  422.00   258.83  409.36    
 180.00  422.00   269.58  406.21    
 190.00  422.00   287.59  397.18    
 200.00  422.00   301.09  391.44    
 210.00  422.00   313.77  386.19    
 220.00  422.00   321.15  385.25    
 230.00  422.00   328.22  384.55    
 240.00  422.00   337.10  381.97    
 250.00  422.00   344.98  380.29    
 260.00  422.00   350.60  380.28    
 270.00  422.00   359.07  378.00    
 280.00  422.00   369.10  374.38    
 290.00  422.00   378.96  370.82    
 300.00  422.00   387.09  368.47    
 310.00  422.00   395.57  365.77    
 320.00  422.00   403.88  363.11    
 330.00  422.00   411.63  360.82    
 340.00  422.00   418.93  359.06    
 350.00  422.00   425.04  358.02    
 360.00  422.00   431.06  356.98    
 370.00  422.00   434.57  358.28    
 380.00  422.00   440.49  357.17    
 390.00  422.00   448.35  354.50    
 400.00  422.00   456.08  351.87    
 100.00  412.00   158.34  433.03    
 110.00  412.00   176.26  425.50    
 120.00  412.00   191.86  419.97    
 130.00  412.00   205.90  414.98    
 140.00  412.00   219.62  410.09    
 150.00  412.00   233.15  405.14    
 160.00  412.00   244.34  402.07    
 170.00  412.00   255.03  399.24    
 180.00  412.00   265.50  396.47    
 190.00  412.00   278.37  391.33    
 200.00  412.00   294.30  383.87    
 210.00  412.00   306.39  379.25    
 220.00  412.00   314.22  378.07    
 230.00  412.00   321.29  377.35    
 240.00  412.00   332.26  373.19    
 250.00  412.00   339.79  371.90    
 260.00  412.00   346.32  371.38    
 270.00  412.00   354.33  369.53    
 280.00  412.00   364.08  366.25    
 290.00  412.00   372.94  363.54    
 300.00  412.00   380.91  361.48    
 310.00  412.00   389.42  358.91    
 320.00  412.00   397.91  356.23    
 330.00  412.00   405.52  354.14    
 340.00  412.00   412.86  352.32    
 350.00  412.00   420.33  350.34    
 360.00  412.00   426.54  349.39    
 370.00  412.00   430.42  350.11    
 380.00  412.00   437.57  348.58    
 390.00  412.00   445.40  345.95    
 400.00  412.00   453.09  343.37    
 410.00  412.00   460.66  340.82    
 100.00  402.00   156.10  420.60    
 110.00  402.00   173.08  413.91    
 120.00  402.00   189.76  407.29    
 130.00  402.00   204.21  402.24    
 140.00  402.00   216.24  398.80    
 150.00  402.00   227.82  395.57    
 160.00  402.00   239.81  392.10    
 170.00  402.00   251.23  388.73    
 180.00  402.00   261.68  386.15    
 190.00  402.00   272.56  383.01    
 200.00  402.00   287.67  376.24    
 210.00  402.00   299.22  372.18    
 220.00  402.00   307.45  370.87    
 230.00  402.00   315.27  369.40    
 240.00  402.00   327.05  364.84    
 250.00  402.00   334.64  363.62    
 260.00  402.00   341.91  362.34    
 270.00  402.00   349.92  360.58    
 280.00  402.00   359.15  358.32    
 290.00  402.00   367.17  356.31    
 300.00  402.00   374.87  354.42    
 310.00  402.00   383.44  352.03    
 320.00  402.00   392.30  349.18    
 330.00  402.00   399.63  347.41    
 340.00  402.00   406.40  346.09    
 350.00  402.00   414.24  343.99    
 360.00  402.00   421.96  341.93    
 370.00  402.00   427.11  341.50    
 380.00  402.00   434.45  339.81    
 390.00  402.00   442.27  337.28    
 400.00  402.00   449.96  334.80    
 410.00  402.00   457.62  332.07    
 420.00  402.00   464.16  330.21    
 100.00  392.00   144.48  415.31    
 110.00  392.00   168.64  403.23    
 120.00  392.00   184.98  397.00    
 130.00  392.00   197.54  393.56    
 140.00  392.00   209.82  390.28    
 150.00  392.00   221.87  386.78    
 160.00  392.00   233.27  383.61    
 170.00  392.00   244.70  380.69    
 180.00  392.00   256.85  376.70    
 190.00  392.00   268.07  373.46    
 200.00  392.00   280.99  368.64    
 210.00  392.00   292.25  364.98    
 220.00  392.00   300.58  363.72    
 230.00  392.00   311.54  360.15    
 240.00  392.00   322.67  356.47    
 250.00  392.00   332.26  353.35    
 260.00  392.00   341.31  351.08    
 270.00  392.00   349.65  349.10    
 280.00  392.00   357.20  347.61    
 290.00  392.00   361.19  349.02    
 300.00  392.00   368.98  347.34    
 310.00  392.00   377.93  344.82    
 320.00  392.00   386.80  342.11    
 330.00  392.00   394.03  340.64    
 340.00  392.00   400.18  339.96    
 350.00  392.00   407.99  337.83    
 360.00  392.00   416.64  334.92    
 370.00  392.00   423.82  332.93    
 380.00  392.00   431.35  331.10    
 390.00  392.00   439.17  328.68    
 400.00  392.00   447.12  326.13    
 410.00  392.00   454.18  323.79    
 420.00  392.00   460.84  322.07    
  90.00  382.00   128.32  407.03    
 100.00  382.00   142.75  402.71    
 110.00  382.00   162.26  394.35    
 120.00  382.00   177.28  389.39    
 130.00  382.00   189.99  385.86    
 140.00  382.00   202.40  382.41    
 150.00  382.00   214.63  379.07    
 160.00  382.00   226.54  375.74    
 170.00  382.00   238.19  372.48    
 180.00  382.00   253.39  366.38    
 190.00  382.00   267.33  361.32    
 200.00  382.00   282.22  355.01    
 210.00  382.00   295.62  349.86    
 220.00  382.00   305.25  347.51    
 230.00  382.00   317.35  343.33    
 240.00  382.00   327.26  340.63    
 250.00  382.00   335.29  338.96    
 260.00  382.00   343.99  337.02    
 270.00  382.00   352.96  334.56    
 280.00  382.00   361.38  332.35    
 290.00  382.00   369.35  330.70    
 300.00  382.00   373.69  332.05    
 310.00  382.00   377.46  333.73    
 320.00  382.00   381.53  334.61    
 330.00  382.00   388.48  333.49    
 340.00  382.00   395.02  332.48    
 350.00  382.00   403.44  330.23    
 360.00  382.00   412.27  327.20    
 370.00  382.00   420.81  324.41    
 380.00  382.00   428.30  322.44    
 390.00  382.00   436.34  319.92    
 400.00  382.00   444.25  317.42    
 410.00  382.00   451.03  315.69    
 420.00  382.00   457.62  314.02    
 430.00  382.00   448.23  325.62    
  80.00  372.00   112.21  398.37    
  90.00  372.00   126.85  394.20    
 100.00  372.00   141.16  390.11    
 110.00  372.00   155.13  386.11    
 120.00  372.00   170.00  381.34    
 130.00  372.00   182.71  377.96    
 140.00  372.00   195.12  374.66    
 150.00  372.00   207.26  371.43    
 160.00  372.00   219.14  368.26    
 170.00  372.00   243.63  355.59    
 180.00  372.00   258.33  350.02    
 190.00  372.00   271.00  345.84    
 200.00  372.00   285.23  340.31    
 210.00  372.00   296.15  337.31    
 220.00  372.00   308.26  333.28    
 230.00  372.00   318.31  330.43    
 240.00  372.00   327.30  328.39    
 250.00  372.00   335.01  327.37    
 260.00  372.00   343.73  325.32    
 270.00  372.00   354.11  321.93    
 280.00  372.00   362.94  319.54    
 290.00  372.00   370.81  317.89    
 300.00  372.00   375.97  318.63    
 310.00  372.00   380.30  319.77    
 320.00  372.00   384.66  320.82    
 330.00  372.00   384.89  324.62    
 340.00  372.00   391.96  323.72    
 350.00  372.00   400.62  321.31    
 360.00  372.00   408.99  318.66    
 370.00  372.00   417.33  316.11    
 380.00  372.00   425.54  313.70    
 390.00  372.00   433.64  311.34    
 400.00  372.00   440.92  309.14    
 410.00  372.00   447.69  307.54    
 420.00  372.00   454.34  305.97    
 430.00  372.00   460.87  304.42    
 440.00  372.00   444.11  322.36    
  80.00  362.00   108.65  386.95    
  90.00  362.00   123.03  383.10    
 100.00  362.00   137.51  379.04    
 110.00  362.00   151.67  375.06    
 120.00  362.00   164.59  371.82    
 130.00  362.00   174.98  370.44    
 140.00  362.00   190.53  364.97    
 150.00  362.00   202.65  361.97    
 160.00  362.00   234.06  344.35    
 170.00  362.00   248.20  339.49    
 180.00  362.00   259.08  336.86    
 190.00  362.00   271.19  333.30    
 200.00  362.00   286.33  327.26    
 210.00  362.00   298.16  323.80    
 220.00  362.00   308.78  320.86    
 230.00  362.00   318.37  318.41    
 240.00  362.00   327.29  316.48    
 250.00  362.00   335.10  315.52    
 260.00  362.00   344.73  312.82    
 270.00  362.00   355.20  309.41    
 280.00  362.00   362.86  308.14    
 290.00  362.00   370.02  307.09    
 300.00  362.00   374.71  308.20    
 310.00  362.00   378.15  310.24    
 320.00  362.00   381.63  311.72    
 330.00  362.00   384.53  313.90    
 340.00  362.00   388.97  314.93    
 350.00  362.00   397.80  312.39    
 360.00  362.00   406.29  309.88    
 370.00  362.00   414.64  307.40    
 380.00  362.00   422.77  304.97    
 390.00  362.00   430.84  302.69    
 400.00  362.00   437.62  300.92    
 410.00  362.00   444.43  299.42    
 420.00  362.00   452.21  297.05    
 430.00  362.00   457.16  297.00    
 440.00  362.00   443.66  312.36    
 450.00  362.00   447.22  313.35    
  80.00  352.00   105.57  375.29    
  90.00  352.00   119.58  371.89    
 100.00  352.00   133.29  368.55    
 110.00  352.00   147.07  365.01    
 120.00  352.00   160.27  361.71    
 130.00  352.00   172.77  358.77    
 140.00  352.00   183.61  356.84    
 150.00  352.00   210.37  343.31    
 160.00  352.00   237.20  329.37    
 170.00  352.00   250.45  325.39    
 180.00  352.00   261.45  322.83    
 190.00  352.00   273.09  319.67    
 200.00  352.00   287.58  314.17    
 210.00  352.00   298.27  311.54    
 220.00  352.00   308.70  309.01    
 230.00  352.00   318.89  306.24    
 240.00  352.00   328.02  304.15    
 250.00  352.00   336.21  302.83    
 260.00  352.00   346.32  299.91    
 270.00  352.00   355.65  297.53    
 280.00  352.00   361.88  297.39    
 290.00  352.00   368.85  296.65    
 300.00  352.00   373.36  297.85    
 310.00  352.00   376.33  300.04    
 320.00  352.00   379.27  302.18    
 330.00  352.00   382.58  304.15    
 340.00  352.00   385.69  306.55    
 350.00  352.00   393.47  304.89    
 360.00  352.00   402.56  302.08    
 370.00  352.00   411.52  299.29    
 380.00  352.00   420.03  296.38    
 390.00  352.00   427.70  294.29    
 400.00  352.00   436.35  291.38    
 410.00  352.00   444.62  288.64    
 420.00  352.00   452.97  286.07    
 430.00  352.00   452.26  290.66    
 440.00  352.00   448.13  297.80    
 450.00  352.00   445.88  303.83    
  80.00  342.00   102.29  363.92    
  90.00  342.00   116.30  360.66    
 100.00  342.00   130.00  357.46    
 110.00  342.00   143.76  354.08    
 120.00  342.00   156.00  351.63    
 130.00  342.00   168.34  348.82    
 140.00  342.00   180.66  346.01    
 150.00  342.00   212.01  329.49    
 160.00  342.00   237.61  316.72    
 170.00  342.00   252.53  311.60    
 180.00  342.00   264.07  308.72    
 190.00  342.00   274.72  306.36    
 200.00  342.00   286.82  302.69    
 210.00  342.00   298.17  299.59    
 220.00  342.00   308.46  297.22    
 230.00  342.00   318.57  294.73    
 240.00  342.00   329.05  291.93    
 250.00  342.00   338.19  289.87    
 260.00  342.00   347.74  287.46    
 270.00  342.00   355.32  286.48    
 280.00  342.00   361.69  286.41    
 290.00  342.00   367.99  286.32    
 300.00  342.00   371.21  288.14    
 310.00  342.00   374.61  290.18    
 320.00  342.00   378.15  292.06    
 330.00  342.00   381.59  294.00    
 340.00  342.00   383.32  297.19    
 350.00  342.00   388.82  297.27    
 360.00  342.00   397.88  294.58    
 370.00  342.00   406.80  291.92    
 380.00  342.00   416.87  288.13    
 390.00  342.00   426.66  284.45    
 400.00  342.00   435.13  281.93    
 410.00  342.00   443.39  279.21    
 420.00  342.00   451.74  276.72    
 430.00  342.00   454.97  278.16    
 440.00  342.00   454.69  282.52    
 450.00  342.00   445.02  294.32    
  80.00  332.00    99.25  352.51    
  90.00  332.00   113.88  348.95    
 100.00  332.00   128.20  345.46    
 110.00  332.00   142.07  342.19    
 120.00  332.00   153.63  340.28    
 130.00  332.00   164.94  338.41    
 140.00  332.00   176.01  336.56    
 150.00  332.00   213.50  315.96    
 160.00  332.00   236.84  305.19    
 170.00  332.00   253.99  298.46    
 180.00  332.00   265.49  295.74    
 190.00  332.00   276.87  292.87    
 200.00  332.00   287.45  290.44    
 210.00  332.00   297.91  288.04    
 220.00  332.00   308.44  285.60    
 230.00  332.00   318.03  283.62    
 240.00  332.00   327.92  281.23    
 250.00  332.00   338.76  278.16    
 260.00  332.00   347.75  276.15    
 270.00  332.00   355.02  275.52    
 280.00  332.00   362.19  274.90    
 290.00  332.00   368.84  274.48    
 300.00  332.00   371.87  276.82    
 310.00  332.00   374.70  279.22    
 320.00  332.00   378.16  281.22    
 330.00  332.00   379.72  284.40    
 340.00  332.00   380.92  287.96    
 350.00  332.00   384.62  289.59    
 360.00  332.00   394.88  286.10    
 370.00  332.00   405.04  282.61    
 380.00  332.00   415.10  279.11    
 390.00  332.00   425.06  275.59    
 400.00  332.00   433.93  272.51    
 410.00  332.00   441.10  271.01    
 420.00  332.00   447.24  270.05    
 430.00  332.00   453.26  269.10    
 440.00  332.00   453.69  273.04    
 450.00  332.00   457.07  274.35    
  80.00  322.00   102.57  337.08    
  90.00  322.00   115.30  334.91    
 100.00  322.00   127.74  332.78    
 110.00  322.00   139.52  330.97    
 120.00  322.00   150.68  329.45    
 130.00  322.00   161.60  327.96    
 140.00  322.00   172.30  326.50    
 150.00  322.00   219.64  299.33    
 160.00  322.00   238.33  291.91    
 170.00  322.00   254.06  286.34    
 180.00  322.00   265.70  283.61    
 190.00  322.00   275.49  282.08    
 200.00  322.00   287.42  278.96    
 210.00  322.00   297.93  276.54    
 220.00  322.00   308.40  274.10    
 230.00  322.00   319.00  271.52    
 240.00  322.00   329.30  269.06    
 250.00  322.00   338.07  267.40    
 260.00  322.00   347.15  265.52    
 270.00  322.00   354.85  264.61    
 280.00  322.00   362.20  264.00    
 290.00  322.00   369.63  263.13    
 300.00  322.00   373.26  264.77    
 310.00  322.00   376.38  267.37    
 320.00  322.00   378.17  270.48    
 330.00  322.00   378.64  274.57    
 340.00  322.00   379.66  278.30    
 350.00  322.00   381.25  281.77    
 360.00  322.00   391.49  277.98    
 370.00  322.00   401.75  274.47    
 380.00  322.00   411.91  270.95    
 390.00  322.00   421.85  267.47    
 400.00  322.00   430.73  264.73    
 410.00  322.00   436.97  263.84    
 420.00  322.00   443.11  262.96    
 430.00  322.00   449.14  262.10    
 440.00  322.00   455.52  260.96    
 450.00  322.00   456.10  264.59    
 460.00  322.00   458.84  266.31    
  80.00  312.00   103.19  323.64    
  90.00  312.00   115.79  321.64    
 100.00  312.00   128.10  319.69    
 110.00  312.00   137.65  319.53    
 120.00  312.00   147.45  319.21    
 130.00  312.00   158.12  317.98    
 140.00  312.00   168.56  316.78    
 150.00  312.00   225.61  283.18    
 160.00  312.00   241.16  278.00    
 170.00  312.00   254.32  274.42    
 180.00  312.00   265.21  272.33    
 190.00  312.00   277.94  268.77    
 200.00  312.00   287.65  267.19    
 210.00  312.00   297.15  265.49    
 220.00  312.00   307.27  263.44    
 230.00  312.00   318.14  260.82    
 240.00  312.00   328.12  258.62    
 250.00  312.00   336.20  257.82    
 260.00  312.00   345.22  256.05    
 270.00  312.00   354.30  253.96    
 280.00  312.00   361.63  253.46    
 290.00  312.00   368.95  252.89    
 300.00  312.00   373.98  253.77    
 310.00  312.00   377.56  255.46    
 320.00  312.00   380.33  258.00    
 330.00  312.00   379.07  263.35    
 340.00  312.00   377.88  268.78    
 350.00  312.00   379.50  272.34    
 360.00  312.00   387.91  270.31    
 370.00  312.00   398.01  266.94    
 380.00  312.00   407.95  263.60    
 390.00  312.00   417.78  260.26    
 400.00  312.00   427.55  256.88    
 410.00  312.00   433.86  256.07    
 420.00  312.00   440.11  255.34    
 430.00  312.00   446.77  254.11    
 440.00  312.00   453.31  252.89    
 450.00  312.00   459.75  251.69    
 460.00  312.00   456.39  258.56    
  80.00  302.00   102.13  311.51    
  90.00  302.00   115.63  309.03    
 100.00  302.00   127.21  307.67    
 110.00  302.00   136.68  307.60    
 120.00  302.00   146.04  307.51    
 130.00  302.00   155.28  307.40    
 140.00  302.00   165.71  306.33    
 150.00  302.00   226.92  270.33    
 160.00  302.00   241.13  266.30    
 170.00  302.00   252.67  263.92    
 180.00  302.00   263.90  261.65    
 190.00  302.00   276.46  258.25    
 200.00  302.00   285.44  257.18    
 210.00  302.00   295.36  255.63    
 220.00  302.00   305.15  253.87    
 230.00  302.00   315.54  251.60    
 240.00  302.00   325.91  249.08    
 250.00  302.00   334.32  248.23    
 260.00  302.00   343.41  246.32    
 270.00  302.00   353.36  243.93    
 280.00  302.00   360.19  243.08    
 290.00  302.00   367.10  243.29    
 300.00  302.00   372.59  244.02    
 310.00  302.00   377.34  245.38    
 320.00  302.00   380.99  247.01    
 330.00  302.00   379.27  252.65    
 340.00  302.00   378.12  258.14    
 350.00  302.00   378.94  262.24    
 360.00  302.00   383.46  263.09    
 370.00  302.00   393.65  259.74    
 380.00  302.00   403.74  256.39    
 390.00  302.00   413.70  253.03    
 400.00  302.00   423.40  249.82    
 410.00  302.00   430.87  248.25    
 420.00  302.00   437.69  247.09    
 430.00  302.00   444.40  245.96    
 440.00  302.00   451.01  244.84    
 450.00  302.00   457.51  243.74    
 460.00  302.00   452.57  251.52    
 470.00  302.00   453.58  254.88    
  70.00  292.00    78.90  307.18    
  80.00  292.00    96.60  302.29    
  90.00  292.00   112.25  298.55    
 100.00  292.00   124.31  297.03    
 110.00  292.00   134.32  296.69    
 120.00  292.00   144.17  296.34    
 130.00  292.00   153.86  295.98    
 140.00  292.00   204.87  267.69    
 150.00  292.00   226.79  258.75    
 160.00  292.00   241.79  254.26    
 170.00  292.00   251.57  253.07    
 180.00  292.00   262.34  251.16    
 190.00  292.00   273.76  248.75    
 200.00  292.00   283.12  247.65    
 210.00  292.00   293.14  245.82    
 220.00  292.00   303.41  244.08    
 230.00  292.00   313.23  242.10    
 240.00  292.00   324.49  239.30    
 250.00  292.00   334.61  237.16    
 260.00  292.00   342.96  235.87    
 270.00  292.00   349.41  236.29    
 280.00  292.00   352.64  238.61    
 290.00  292.00   360.36  238.02    
 300.00  292.00   366.08  237.89    
 310.00  292.00   373.43  237.38    
 320.00  292.00   378.55  238.31    
 330.00  292.00   380.00  241.80    
 340.00  292.00   378.42  247.58    
 350.00  292.00   378.99  251.72    
 360.00  292.00   380.12  255.07    
 370.00  292.00   388.72  253.18    
 380.00  292.00   398.47  250.10    
 390.00  292.00   408.38  246.87    
 400.00  292.00   418.21  243.63    
 410.00  292.00   425.43  242.36    
 420.00  292.00   432.26  241.32    
 430.00  292.00   438.99  240.30    
 440.00  292.00   445.57  239.44    
 450.00  292.00   450.29  239.74    
 460.00  292.00   449.57  244.09    
 470.00  292.00   449.02  248.51    
  70.00  282.00    77.61  295.16    
  80.00  282.00    92.79  292.03    
  90.00  282.00   108.58  288.33    
 100.00  282.00   120.91  286.73    
 110.00  282.00   130.93  286.48    
 120.00  282.00   140.82  286.19    
 130.00  282.00   150.57  285.89    
 140.00  282.00   201.50  258.07    
 150.00  282.00   217.17  253.51    
 160.00  282.00   229.72  250.88    
 170.00  282.00   247.91  244.02    
 180.00  282.00   260.70  240.93    
 190.00  282.00   270.29  239.81    
 200.00  282.00   280.47  238.16    
 210.00  282.00   292.44  235.27    
 220.00  282.00   302.30  233.67    
 230.00  282.00   310.06  233.43    
 240.00  282.00   318.67  232.48    
 250.00  282.00   326.70  231.69    
 260.00  282.00   335.09  230.78    
 270.00  282.00   343.33  229.88    
 280.00  282.00   351.34  228.88    
 290.00  282.00   358.67  228.43    
 300.00  282.00   364.26  229.17    
 310.00  282.00   369.79  229.65    
 320.00  282.00   374.48  230.90    
 330.00  282.00   377.38  233.47    
 340.00  282.00   378.24  237.27    
 350.00  282.00   378.49  241.59    
 360.00  282.00   376.92  247.03    
 370.00  282.00   385.48  245.20    
 380.00  282.00   393.92  243.38    
 390.00  282.00   403.20  240.68    
 400.00  282.00   412.42  238.01    
 410.00  282.00   419.38  237.01    
 420.00  282.00   426.09  236.15    
 430.00  282.00   432.36  235.55    
 440.00  282.00   438.53  234.96    
 450.00  282.00   442.85  235.47    
 460.00  282.00   445.72  237.50    
 470.00  282.00   445.53  241.73    
  70.00  272.00    75.03  284.06    
  80.00  272.00    88.73  281.99    
  90.00  272.00   102.13  279.97    
 100.00  272.00   116.53  277.20    
 110.00  272.00   127.37  276.51    
 120.00  272.00   137.72  276.01    
 130.00  272.00   147.47  275.80    
 140.00  272.00   192.33  252.49    
 150.00  272.00   213.41  244.43    
 160.00  272.00   227.80  240.59    
 170.00  272.00   239.27  238.63    
 180.00  272.00   250.28  236.80    
 190.00  272.00   262.15  234.30    
 200.00  272.00   275.00  230.92    
 210.00  272.00   291.44  224.99    
 220.00  272.00   302.36  222.78    
 230.00  272.00   307.02  224.79    
 240.00  272.00   313.27  225.46    
 250.00  272.00   320.12  225.81    
 260.00  272.00   328.61  224.87    
 270.00  272.00   336.57  223.99    
 280.00  272.00   344.98  223.00    
 290.00  272.00   352.90  222.12    
 300.00  272.00   359.86  221.75    
 310.00  272.00   367.40  221.21    
 320.00  272.00   370.50  223.48    
 330.00  272.00   373.28  226.22    
 340.00  272.00   375.72  228.98    
 350.00  272.00   376.90  232.59    
 360.00  272.00   375.19  238.20    
 370.00  272.00   382.37  237.39    
 380.00  272.00   390.37  235.76    
 390.00  272.00   398.81  233.90    
 400.00  272.00   406.54  232.48    
 410.00  272.00   413.59  231.52    
 420.00  272.00   420.53  230.56    
 430.00  272.00   427.68  229.53    
 440.00  272.00   434.56  228.19    
 450.00  272.00   440.28  227.74    
 460.00  272.00   440.85  231.37    
 470.00  272.00   441.94  234.70    
  80.00  262.00    79.50  275.45    
  90.00  262.00    93.61  273.14    
 100.00  262.00   107.92  270.52    
 110.00  262.00   121.36  268.19    
 120.00  262.00   132.02  267.60    
 130.00  262.00   142.48  267.01    
 140.00  262.00   180.72  248.29    
 150.00  262.00   207.61  236.67    
 160.00  262.00   220.51  233.96    
 170.00  262.00   232.93  231.52    
 180.00  262.00   244.01  229.79    
 190.00  262.00   255.38  227.68    
 200.00  262.00   267.48  224.99    
 210.00  262.00   295.85  211.18    
 220.00  262.00   303.24  211.36    
 230.00  262.00   308.82  212.70    
 240.00  262.00   308.73  217.90    
 250.00  262.00   316.57  217.57    
 260.00  262.00   324.21  217.20    
 270.00  262.00   332.98  216.01    
 280.00  262.00   340.47  215.55    
 290.00  262.00   346.26  216.30    
 300.00  262.00   353.58  215.96    
 310.00  262.00   359.43  216.55    
 320.00  262.00   367.34  215.82    
 330.00  262.00   370.31  218.14    
 340.00  262.00   372.59  221.05    
 350.00  262.00   374.86  223.97    
 360.00  262.00   372.38  230.15    
 370.00  262.00   378.73  229.86    
 380.00  262.00   387.79  227.82    
 390.00  262.00   394.98  226.92    
 400.00  262.00   402.73  226.08    
 410.00  262.00   410.06  224.81    
 420.00  262.00   417.27  223.56    
 430.00  262.00   424.35  222.33    
 440.00  262.00   431.31  221.10    
 450.00  262.00   437.76  220.21    
 460.00  262.00   440.68  222.03    
 470.00  262.00   443.68  223.75    
 480.00  262.00   446.76  225.37    
  90.00  252.00    87.62  264.40    
 100.00  252.00   101.44  262.23    
 110.00  252.00   114.71  260.22    
 120.00  252.00   127.10  258.66    
 130.00  252.00   138.47  257.60    
 140.00  252.00   150.07  256.26    
 150.00  252.00   197.65  231.71    
 160.00  252.00   212.88  227.61    
 170.00  252.00   229.71  222.32    
 180.00  252.00   242.03  219.87    
 190.00  252.00   255.89  216.27    
 200.00  252.00   279.93  205.80    
 210.00  252.00   295.26  200.86    
 220.00  252.00   303.80  200.43    
 230.00  252.00   308.99  202.09    
 240.00  252.00   310.44  206.25    
 250.00  252.00   316.23  207.21    
 260.00  252.00   323.75  206.87    
 270.00  252.00   331.20  206.77    
 280.00  252.00   338.66  206.63    
 290.00  252.00   345.41  206.75    
 300.00  252.00   351.21  207.43    
 310.00  252.00   356.00  208.70    
 320.00  252.00   362.06  209.11    
 330.00  252.00   368.52  209.26    
 340.00  252.00   372.42  211.04    
 350.00  252.00   373.45  214.87    
 360.00  252.00   371.19  221.04    
 370.00  252.00   374.76  222.82    
 380.00  252.00   384.31  220.13    
 390.00  252.00   392.99  218.54    
 400.00  252.00   399.57  218.01    
 410.00  252.00   406.25  217.42    
 420.00  252.00   413.52  216.29    
 430.00  252.00   420.66  215.17    
 440.00  252.00   427.70  214.06    
 450.00  252.00   433.44  213.95    
 460.00  252.00   437.37  215.08    
 470.00  252.00   442.34  215.40    
 480.00  252.00   447.26  215.72    
  80.00  242.00    69.12  256.95    
  90.00  242.00    84.83  253.94    
 100.00  242.00    98.38  252.05    
 110.00  242.00   111.64  250.20    
 120.00  242.00   124.61  248.37    
 130.00  242.00   135.63  247.67    
 140.00  242.00   172.79  230.31    
 150.00  242.00   193.40  223.05    
 160.00  242.00   212.38  216.73    
 170.00  242.00   227.43  212.85    
 180.00  242.00   241.35  209.43    
 190.00  242.00   256.05  205.40    
 200.00  242.00   284.07  192.36    
 210.00  242.00   297.10  189.12    
 220.00  242.00   305.17  189.02    
 230.00  242.00   309.50  191.26    
 240.00  242.00   312.82  194.23    
 250.00  242.00   317.04  196.34    
 260.00  242.00   323.06  197.25    
 270.00  242.00   329.88  197.57    
 280.00  242.00   336.61  197.78    
 290.00  242.00   343.23  197.97    
 300.00  242.00   349.24  198.56    
 310.00  242.00   354.79  199.59    
 320.00  242.00   361.22  199.82    
 330.00  242.00   367.31  200.11    
 340.00  242.00   372.34  201.18    
 350.00  242.00   373.89  204.63    
 370.00  242.00   372.44  214.83    
 380.00  242.00   380.81  213.23    
 390.00  242.00   390.33  210.66    
 400.00  242.00   397.77  209.71    
 410.00  242.00   404.20  209.33    
 420.00  242.00   410.53  208.96    
 430.00  242.00   417.03  208.46    
 440.00  242.00   424.18  207.46    
 450.00  242.00   429.14  207.72    
 460.00  242.00   432.76  209.20    
 470.00  242.00   437.43  209.74    
 480.00  242.00   442.31  210.07    
  70.00  232.00    41.56  254.79    
  80.00  232.00    62.50  248.88    
  90.00  232.00    80.96  244.33    
 100.00  232.00    95.47  241.98    
 110.00  232.00   109.67  239.66    
 120.00  232.00   123.52  237.40    
 130.00  232.00   134.33  236.90    
 140.00  232.00   176.95  216.43    
 150.00  232.00   193.87  211.59    
 160.00  232.00   209.87  207.30    
 170.00  232.00   225.60  203.06    
 180.00  232.00   241.48  198.45    
 190.00  232.00   257.55  193.70    
 200.00  232.00   289.46  178.37    
 210.00  232.00   299.64  177.07    
 220.00  232.00   306.38  177.83    
 230.00  232.00   309.93  180.60    
 240.00  232.00   313.44  183.50    
 250.00  232.00   317.57  185.90    
 260.00  232.00   323.37  186.93    
 270.00  232.00   329.15  187.87    
 280.00  232.00   335.04  188.68    
 290.00  232.00   341.29  189.22    
 300.00  232.00   347.48  189.84    
 310.00  232.00   354.12  190.19    
 320.00  232.00   360.39  190.45    
 330.00  232.00   366.82  190.69    
 340.00  232.00   371.77  191.81    
 350.00  232.00   373.80  195.06    
 370.00  232.00   370.11  206.44    
 380.00  232.00   376.53  206.65    
 390.00  232.00   386.25  203.97    
 400.00  232.00   391.93  204.13    
 410.00  232.00   398.99  203.37    
 420.00  232.00   406.08  202.56    
 430.00  232.00   413.06  201.75    
 440.00  232.00   420.00  200.94    
 450.00  232.00   425.23  201.39    
 460.00  232.00   428.77  202.90    
 470.00  232.00   432.83  203.99    
  80.00  222.00    53.52  242.25    
  90.00  222.00    77.00  234.85    
 100.00  222.00    91.26  232.74    
 110.00  222.00   105.50  230.53    
 120.00  222.00   119.44  228.33    
 130.00  222.00   130.96  227.52    
 140.00  222.00   179.23  203.82    
 150.00  222.00   194.80  199.99    
 160.00  222.00   209.08  196.89    
 170.00  222.00   224.94  192.61    
 180.00  222.00   240.28  188.52    
 190.00  222.00   263.05  179.55    
 200.00  222.00   290.67  167.26    
 210.00  222.00   300.55  166.20    
 220.00  222.00   307.27  167.04    
 230.00  222.00   311.42  169.59    
 240.00  222.00   312.88  173.60    
 250.00  222.00   317.35  175.77    
 260.00  222.00   323.02  177.06    
 270.00  222.00   328.21  178.54    
 280.00  222.00   333.74  179.70    
 290.00  222.00   340.42  180.02    
 300.00  222.00   346.94  180.40    
 310.00  222.00   353.79  180.57    
 320.00  222.00   359.96  180.97    
 330.00  222.00   366.18  181.31    
 340.00  222.00   371.03  182.70    
 350.00  222.00   372.23  186.51    
 370.00  222.00   367.30  198.86    
 380.00  222.00   374.04  198.53    
 390.00  222.00   381.51  197.80    
 400.00  222.00   387.94  197.56    
 410.00  222.00   393.53  197.92    
 420.00  222.00   400.74  197.08    
 430.00  222.00   408.06  196.07    
 440.00  222.00   415.27  195.07    
 450.00  222.00   422.67  193.95    
 460.00  222.00   426.31  195.41    
 470.00  222.00   428.98  197.47    
  90.00  212.00    72.10  226.02    
 100.00  212.00    83.87  225.54    
 110.00  212.00    97.06  224.08    
 120.00  212.00   111.29  221.84    
 130.00  212.00   126.00  219.18    
 140.00  212.00   179.34  192.69    
 150.00  212.00   196.49  188.04    
 160.00  212.00   210.21  185.39    
 170.00  212.00   224.20  182.37    
 180.00  212.00   240.50  177.82    
 190.00  212.00   276.12  160.91    
 200.00  212.00   292.88  155.67    
 210.00  212.00   302.61  154.72    
 220.00  212.00   308.41  156.23    
 230.00  212.00   312.06  159.10    
 240.00  212.00   313.94  162.93    
 250.00  212.00   315.15  167.20    
 260.00  212.00   323.47  166.72    
 270.00  212.00   328.21  168.56    
 280.00  212.00   333.72  169.83    
 290.00  212.00   340.73  169.93    
 300.00  212.00   347.09  170.42    
 310.00  212.00   354.24  170.41    
 320.00  212.00   358.82  171.99    
 330.00  212.00   365.37  172.38    
 340.00  212.00   368.00  175.09    
 350.00  212.00   368.13  179.66    
 370.00  212.00   362.04  192.98    
 380.00  212.00   368.86  192.58    
 390.00  212.00   375.23  192.69    
 400.00  212.00   381.72  192.67    
 410.00  212.00   388.18  192.11    
 420.00  212.00   394.74  192.01    
 430.00  212.00   403.60  190.03    
 440.00  212.00   410.85  189.11    
 450.00  212.00   418.14  188.11    
 460.00  212.00   424.98  187.34    
 470.00  212.00   425.97  190.69    
  90.00  202.00    66.77  217.49    
 100.00  202.00    78.61  217.08    
 110.00  202.00    90.29  216.63    
 120.00  202.00   104.71  214.42    
 130.00  202.00   117.91  212.73    
 140.00  202.00   179.37  181.77    
 150.00  202.00   199.87  175.23    
 160.00  202.00   214.86  171.89    
 170.00  202.00   228.97  168.86    
 180.00  202.00   240.58  167.28    
 190.00  202.00   278.08  149.46    
 200.00  202.00   295.22  144.06    
 210.00  202.00   302.85  144.59    
 220.00  202.00   308.35  146.34    
 230.00  202.00   310.50  150.05    
 240.00  202.00   313.73  153.14    
 250.00  202.00   316.07  156.67    
 260.00  202.00   320.64  158.68    
 270.00  202.00   328.72  158.23    
 280.00  202.00   336.20  158.41    
 290.00  202.00   343.24  158.68    
 300.00  202.00   349.17  159.43    
 310.00  202.00   355.00  160.28    
 320.00  202.00   359.66  161.95    
 330.00  202.00   364.03  163.82    
 340.00  202.00   365.61  167.30    
 350.00  202.00   364.33  172.72    
 370.00  202.00   357.29  186.71    
 380.00  202.00   365.54  185.43    
 390.00  202.00   371.94  185.37    
 400.00  202.00   378.72  185.18    
 410.00  202.00   385.47  184.85    
 420.00  202.00   391.14  185.20    
 430.00  202.00   398.15  184.42    
 440.00  202.00   406.32  183.01    
 450.00  202.00   413.46  182.15    
 460.00  202.00   420.69  181.14    
  90.00  192.00    61.87  208.80    
 100.00  192.00    74.38  208.09    
 110.00  192.00    86.46  207.45    
 120.00  192.00    98.36  206.82    
 130.00  192.00   113.00  204.48    
 140.00  192.00   172.46  175.13    
 150.00  192.00   202.07  163.29    
 160.00  192.00   217.35  159.83    
 170.00  192.00   230.87  157.30    
 180.00  192.00   242.62  155.70    
 190.00  192.00   275.14  141.24    
 200.00  192.00   289.78  137.57    
 210.00  192.00   299.02  137.07    
 220.00  192.00   305.30  138.34    
 230.00  192.00   309.43  140.90    
 240.00  192.00   311.36  144.84    
 250.00  192.00   315.08  147.53    
 260.00  192.00   319.49  149.59    
 270.00  192.00   328.36  148.86    
 280.00  192.00   335.57  149.15    
 290.00  192.00   342.77  149.31    
 300.00  192.00   348.62  150.15    
 310.00  192.00   354.82  150.82    
 320.00  192.00   358.86  152.99    
 330.00  192.00   361.18  156.17    
 340.00  192.00   362.30  159.91    
 350.00  192.00   363.37  163.98    
 370.00  192.00   355.15  178.55    
 380.00  192.00   362.52  177.97    
 390.00  192.00   362.03  182.97    
 400.00  192.00   368.81  182.72    
 410.00  192.00   376.44  181.99    
 420.00  192.00   385.25  180.20    
 430.00  192.00   394.00  178.35    
 440.00  192.00   402.26  176.75    
 450.00  192.00   409.31  176.09    
 460.00  192.00   413.91  177.04    
 100.00  182.00    69.19  199.71    
 110.00  182.00    82.98  198.26    
 120.00  182.00    95.17  197.53    
 130.00  182.00   105.25  197.90    
 140.00  182.00   115.10  198.32    
 150.00  182.00   203.44  151.98    
 160.00  182.00   218.10  148.99    
 170.00  182.00   231.05  146.89    
 180.00  182.00   241.45  146.21    
 190.00  182.00   255.50  143.17    
 200.00  182.00   267.73  141.10    
 210.00  182.00   286.15  135.21    
 220.00  182.00   290.24  137.87    
 230.00  182.00   298.72  137.81    
 240.00  182.00   305.77  138.65    
 250.00  182.00   313.97  138.51    
 260.00  182.00   319.16  140.17    
 270.00  182.00   327.86  139.53    
 280.00  182.00   335.13  139.75    
 290.00  182.00   342.38  139.99    
 300.00  182.00   348.58  140.80    
 310.00  182.00   353.97  142.10    
 320.00  182.00   356.45  145.18    
 330.00  182.00   358.33  148.62    
 340.00  182.00   359.74  152.28    
 350.00  182.00   361.77  155.77    
 360.00  182.00   352.28  166.46    
 370.00  182.00   351.33  171.77    
 380.00  182.00   351.58  176.08    
 390.00  182.00   355.74  177.90    
 400.00  182.00   363.83  177.01    
 410.00  182.00   373.22  174.97    
 420.00  182.00   382.52  172.91    
 430.00  182.00   391.16  171.29    
 440.00  182.00   397.55  170.99    
 450.00  182.00   404.44  170.48    
 460.00  182.00   411.22  169.97    
 100.00  172.00    65.52  190.51    
 110.00  172.00    78.37  189.69    
 120.00  172.00    90.36  189.24    
 130.00  172.00   102.02  188.81    
 140.00  172.00   111.76  189.35    
 150.00  172.00   201.00  143.04    
 160.00  172.00   217.44  139.12    
 170.00  172.00   230.76  136.90    
 180.00  172.00   245.70  133.56    
 190.00  172.00   259.27  130.91    
 200.00  172.00   271.48  128.95    
 210.00  172.00   282.19  127.80    
 220.00  172.00   292.34  126.85    
 230.00  172.00   299.87  127.33    
 240.00  172.00   307.84  127.61    
 250.00  172.00   314.07  128.85    
 260.00  172.00   320.67  129.59    
 270.00  172.00   327.30  130.45    
 280.00  172.00   334.19  131.01    
 290.00  172.00   341.06  131.49    
 300.00  172.00   346.56  132.73    
 310.00  172.00   351.32  134.47    
 320.00  172.00   354.08  137.46    
 330.00  172.00   355.83  140.97    
 340.00  172.00   357.58  144.51    
 350.00  172.00   358.71  148.36    
 360.00  172.00   352.61  157.06    
 380.00  172.00   350.00  168.00    
 390.00  172.00   355.57  168.72    
 400.00  172.00   359.93  170.26    
 410.00  172.00   369.29  168.32    
 420.00  172.00   378.56  166.36    
 430.00  172.00   387.13  164.99    
 440.00  172.00   394.41  164.29    
 450.00  172.00   401.59  163.60    
 110.00  162.00    69.85  183.47    
 120.00  162.00    83.47  182.18    
 130.00  162.00    98.24  180.04    
 140.00  162.00   108.35  180.45    
 150.00  162.00   198.26  134.38    
 160.00  162.00   216.29  129.63    
 170.00  162.00   229.95  127.29    
 180.00  162.00   245.32  123.83    
 190.00  162.00   260.34  120.38    
 200.00  162.00   273.12  118.17    
 210.00  162.00   285.87  115.81    
 220.00  162.00   293.11  116.67    
 230.00  162.00   300.71  117.26    
 240.00  162.00   307.81  118.08    
 250.00  162.00   313.82  119.45    
 260.00  162.00   319.16  121.02    
 270.00  162.00   325.57  122.07    
 280.00  162.00   332.67  122.64    
 290.00  162.00   339.01  123.47    
 300.00  162.00   344.22  124.96    
 310.00  162.00   348.43  127.01    
 320.00  162.00   350.92  130.12    
 330.00  162.00   352.70  133.70    
 340.00  162.00   354.50  137.21    
 350.00  162.00   355.95  141.02    
 360.00  162.00   350.97  148.91    
 370.00  162.00   344.99  157.41    
 380.00  162.00   350.01  158.85    
 390.00  162.00   348.10  164.55    
 400.00  162.00   356.71  163.17    
 410.00  162.00   365.48  161.89    
 420.00  162.00   374.70  160.02    
 430.00  162.00   382.34  159.16    
 440.00  162.00   389.15  158.74    
 450.00  162.00   394.89  159.13    
 130.00  152.00    90.16  173.78    
 140.00  152.00   105.23  171.48    
 150.00  152.00   190.51  128.67    
 160.00  152.00   213.74  121.07    
 170.00  152.00   227.70  118.66    
 180.00  152.00   244.32  114.55    
 190.00  152.00   258.89  111.49    
 200.00  152.00   271.49  109.43    
 210.00  152.00   283.10  107.86    
 220.00  152.00   290.57  108.73    
 230.00  152.00   299.21  108.72    
 240.00  152.00   306.17  109.68    
 250.00  152.00   313.21  110.44    
 260.00  152.00   317.36  112.83    
 270.00  152.00   323.60  113.88    
 280.00  152.00   330.58  114.55    
 290.00  152.00   336.88  115.58    
 300.00  152.00   341.75  117.26    
 310.00  152.00   346.18  119.32    
 320.00  152.00   348.68  122.46    
 330.00  152.00   350.61  125.91    
 340.00  152.00   351.84  129.82    
 350.00  152.00   353.22  133.66    
 360.00  152.00   348.94  141.03    
 370.00  152.00   328.74  159.00    
 380.00  152.00   337.05  158.18    
 390.00  152.00   345.35  157.15    
 400.00  152.00   354.18  155.78    
 410.00  152.00   362.60  154.61    
 420.00  152.00   369.87  154.25    
 430.00  152.00   376.07  154.54    
 440.00  152.00   382.20  154.83    
 150.00  142.00   186.38  120.92    
 160.00  142.00   210.63  112.90    
 170.00  142.00   226.32  109.59    
 180.00  142.00   238.27  108.31    
 190.00  142.00   250.84  106.49    
 200.00  142.00   263.56  104.58    
 210.00  142.00   273.84  103.86    
 220.00  142.00   283.29  103.56    
 230.00  142.00   291.74  103.80    
 240.00  142.00   299.93  104.10    
 250.00  142.00   307.36  104.71    
 260.00  142.00   314.84  105.17    
 270.00  142.00   321.59  106.06    
 280.00  142.00   329.12  106.40    
 290.00  142.00   334.23  108.06    
 300.00  142.00   339.53  109.62    
 310.00  142.00   343.81  111.74    
 320.00  142.00   346.73  114.68    
 330.00  142.00   348.13  118.44    
 340.00  142.00   349.53  122.35    
 350.00  142.00   350.42  126.38    
 360.00  142.00   347.71  132.87    
 390.00  142.00   342.18  150.18    
 400.00  142.00   350.63  149.08    
 410.00  142.00   357.39  149.18    
 420.00  142.00   364.06  149.28    
 150.00  132.00   165.52  122.60    
 160.00  132.00   207.45  104.83    
 170.00  132.00   222.43  102.03    
 180.00  132.00   233.99  101.07    
 190.00  132.00   245.86   99.79    
 200.00  132.00   264.08   94.73    
 210.00  132.00   276.08   93.09    
 220.00  132.00   285.35   92.93    
 230.00  132.00   292.87   93.80    
 240.00  132.00   299.42   95.11    
 250.00  132.00   303.20   97.87    
 260.00  132.00   310.09   98.71    
 270.00  132.00   318.59   98.71    
 280.00  132.00   326.02   99.15    
 290.00  132.00   331.77  100.58    
 300.00  132.00   337.51  101.86    
 310.00  132.00   341.40  104.28    
 320.00  132.00   344.33  107.23    
 330.00  132.00   345.77  111.00    
 340.00  132.00   346.99  114.96    
 350.00  132.00   347.12  119.54    
 360.00  132.00   344.39  125.91    
 390.00  132.00   337.50  144.09    
 400.00  132.00   343.94  144.53    
 410.00  132.00   350.43  144.91    
 160.00  122.00   203.52   97.25    
 170.00  122.00   217.97   94.87    
 180.00  122.00   233.72   91.62    
 190.00  122.00   254.50   85.33    
 200.00  122.00   265.90   84.27    
 210.00  122.00   276.89   83.32    
 220.00  122.00   285.53   83.52    
 230.00  122.00   294.41   83.63    
 240.00  122.00   301.85   84.42    
 250.00  122.00   305.91   87.13    
 260.00  122.00   312.01   88.58    
 270.00  122.00   315.95   91.20    
 280.00  122.00   323.12   91.89    
 290.00  122.00   329.02   93.23    
 300.00  122.00   335.21   94.31    
 310.00  122.00   338.29   97.20    
 320.00  122.00   341.21  100.19    
 330.00  122.00   344.17  103.16    
 340.00  122.00   345.73  106.93    
 350.00  122.00   344.70  112.17    
 390.00  122.00   333.99  137.54    
 400.00  122.00   340.95  137.64    
 410.00  122.00   347.84  137.75    
 160.00  112.00   201.41   88.73    
 170.00  112.00   215.78   86.49    
 180.00  112.00   231.68   83.25    
 190.00  112.00   249.79   78.62    
 200.00  112.00   265.52   75.18    
 210.00  112.00   277.41   73.79    
 220.00  112.00   285.64   74.27    
 230.00  112.00   292.05   75.82    
 240.00  112.00   299.52   76.69    
 250.00  112.00   304.12   79.20    
 260.00  112.00   308.99   81.29    
 270.00  112.00   314.54   83.02    
 280.00  112.00   320.19   84.69    
 290.00  112.00   326.39   85.86    
 300.00  112.00   332.34   87.11    
 310.00  112.00   336.10   89.69    
 320.00  112.00   339.83   92.27    
 330.00  112.00   341.50   95.95    
 340.00  112.00   343.57   99.41    
 350.00  112.00   341.10  105.56    
 360.00  112.00   323.63  121.10    
 400.00  112.00   335.37  132.36    
 160.00  102.00   197.89   81.07    
 170.00  102.00   215.85   76.95    
 180.00  102.00   230.19   74.64    
 190.00  102.00   249.26   69.60    
 200.00  102.00   263.13   67.31    
 210.00  102.00   275.08   65.91    
 220.00  102.00   284.32   65.98    
 230.00  102.00   291.37   67.21    
 240.00  102.00   298.08   68.56    
 250.00  102.00   303.80   70.37    
 260.00  102.00   307.53   73.22    
 270.00  102.00   312.49   75.30    
 280.00  102.00   318.95   76.49    
 290.00  102.00   324.67   78.06    
 300.00  102.00   330.26   79.67    
 310.00  102.00   334.38   82.02    
 320.00  102.00   338.65   84.21    
 330.00  102.00   340.84   87.56    
 340.00  102.00   339.28   93.12    
 360.00  102.00   325.66  111.05    
 160.00   92.00   197.42   71.78    
 170.00   92.00   216.96   66.94    
 180.00   92.00   236.07   62.11    
 190.00   92.00   249.54   60.24    
 200.00   92.00   262.49   58.52    
 210.00   92.00   273.35   57.80    
 220.00   92.00   282.44   58.06    
 230.00   92.00   290.17   58.93    
 240.00   92.00   296.80   60.32    
 250.00   92.00   303.37   61.67    
 260.00   92.00   308.94   63.52    
 270.00   92.00   312.88   66.23    
 280.00   92.00   318.92   67.76    
 290.00   92.00   323.82   69.78    
 300.00   92.00   328.68   71.75    
 310.00   92.00   333.17   73.91    
 320.00   92.00   337.38   76.22    
 330.00   92.00   337.87   80.74    
 340.00   92.00   339.90   84.30    
 350.00   92.00   322.24   99.74    
 360.00   92.00   326.62  101.73    
 160.00   82.00   185.49   68.76    
 170.00   82.00   220.06   55.94    
 180.00   82.00   238.48   51.60    
 190.00   82.00   251.89   49.80    
 200.00   82.00   262.11   49.65    
 210.00   82.00   270.70   50.28    
 220.00   82.00   280.28   50.27    
 230.00   82.00   290.35   49.92    
 240.00   82.00   298.35   50.62    
 250.00   82.00   304.09   52.50    
 260.00   82.00   309.79   54.30    
 270.00   82.00   313.82   56.99    
 280.00   82.00   318.01   59.53    
 290.00   82.00   322.54   61.92    
 300.00   82.00   326.30   64.54    
 310.00   82.00   329.83   67.34    
 320.00   82.00   333.28   70.15    
 330.00   82.00   328.34   77.92    
 340.00   82.00   319.82   87.71    
 350.00   82.00   324.41   89.70    
 170.00   72.00   207.65   53.35    
 180.00   72.00   236.53   43.57    
 190.00   72.00   249.42   42.21    
 200.00   72.00   260.70   41.49    
 210.00   72.00   270.43   41.59    
 220.00   72.00   280.11   41.56    
 230.00   72.00   288.95   41.94    
 240.00   72.00   297.12   42.63    
 250.00   72.00   303.73   44.05    
 260.00   72.00   309.14   46.01    
 270.00   72.00   313.94   48.34    
 280.00   72.00   317.12   51.43    
 290.00   72.00   319.40   55.11    
 300.00   72.00   323.11   57.97    
 310.00   72.00   324.46   61.93    
 320.00   72.00   317.92   70.68    
 330.00   72.00   323.63   72.13    
 350.00   72.00   327.71   79.23    
 190.00   62.00   240.83   37.83    
 200.00   62.00   252.98   36.82    
 210.00   62.00   263.41   36.60    
 220.00   62.00   272.53   36.96    
 230.00   62.00   282.92   36.57    
 240.00   62.00   292.27   36.63    
 250.00   62.00   299.79   37.61    
 260.00   62.00   305.62   39.42    
 270.00   62.00   308.99   42.59    
 280.00   62.00   309.21   47.51    
 290.00   62.00   310.04   51.97    
 220.00   52.00   253.41   38.57    
 230.00   52.00   263.78   38.27    
 240.00   52.00   273.99   38.02    
 250.00   52.00   280.47   39.71    
 260.00   52.00   285.49   42.00    
 230.00   42.00   237.91   43.49    
 240.00   42.00   247.69   43.65    
 250.00   42.00   256.89   43.98    
 260.00   42.00   265.27   44.60    
 240.00   32.00   247.34   35.13    
 250.00   32.00   256.23   35.66    
